                    16
                    23
                    32
                    37
                    42
                    47
                    50
                    54
                    66
                    71
                    74
                    85
                   101
                   112
                   128
                   141
                   150
                   168
                   172
                   189
                   191
                   201
                   228
                   230
                   234
                   245
                   255
                   256
                   295
                   342
                     0
                     0
                     0
                     0
                     0
                     0
                     0
                     0
                     0
                     0
                     0
                     0
                     0
                     0
                     0
                     0
                     0
                     0
                     0
                     0
                     0
                     0
                     0
                     0
                     0
                     0
                     0
                     0
                     0
                     0
                     0
                     0
                     0
                     0
                     0
                     0
                     0
                     0
                     0
                     0
                     0
                     0
                     0
                     0
                     0
                     0
                     0
                     0
                     0
                     0
                     0
                     0
                     0
                     0
