 Number of samples:                     42
 Average delta y:    15.8069210482887     
 Average delta y sq:    292.656417613249     
 Sigma:    6.54199240189242     
 Mantle delta y values below
   10.4219531979162     
   18.6861067117794     
   11.2148632783792     
   26.4781139429147     
   15.1310083374592     
   8.91086687345266     
   13.0463868940673     
   8.87246478267652     
   34.7394830131490     
   13.7656500809522     
   14.1526656368703     
   17.3870166840024     
   19.5113007778884     
   17.2345783729864     
   13.7950930860890     
   16.3335689664746     
   32.9104239894574     
   12.4842581102958     
   22.3519781198139     
   20.4333887576499     
   13.0879284523630     
   15.2466843745795     
   13.2911658938361     
   9.23483112614655     
   6.07762011050133     
   29.0607140335945     
   6.35663576906891     
   17.5510398995248     
   8.09523245416000     
   16.1623923200738     
   5.79291181086788     
   13.4348422930038     
   13.2829461499157     
   26.2714333860355     
   20.4080261334910     
   18.7221001209323     
   12.3054638408956     
   16.4517838214634     
   13.8115763108952     
   15.6545994923753     
   13.5175838854645     
   12.2120027346610     
